1111111111111111111111111111111111111111
1000000000000000000000000000000000000001
1000000000000000000000000000000000000001
1011110100010111101000101110010000111101
1010000010100100101101101001010000100001
1011100001000111101010101110010000111001
1010000010100100101000101000010000100001
1011110100010100101000101000011110111101
1000000000000000000000000000000000000001
1000000000000000000000000000000000000001
1000000000000000000000000000000000000001
1000000000000000000000000000000000000001
1000000000000000000000000000000000000001
1000000000000000000000000000000000000001
1000000000000000000000000000000000000001
1000000000000000000000000000000000000001
1000000000000000000000000000000000000001
1000000000000000000000000000000000000001
1000000000000000000000000000000000000001
1000000000000000011111110000000000000001
1000000000000000011111110000000000000001
1000000000001111111111111111100000000001
1111111111111111111111111111111111111111